tt2267998
tt3460252
tt1840309
tt1790864
tt2024469
tt3065204
tt3235888
tt4263482
tt2321549
tt3631112
tt4857264
tt3322940
tt4178092
tt2884206
tt4786282
tt3567288
tt3410834
tt3289956
tt2400463
tt2241351
tt3195644
tt2980592
tt2140379
tt3882082
tt2870612
tt2436386
tt2649554
tt1726592
tt4430212
tt3713166
tt2910814
tt3168230
tt1291570
tt2234003
tt4361050
tt5215952
tt1850397
tt1837709
tt2771372
tt3042408
tt2752772
tt1204977
tt1791682
tt3118452
tt3086442
tt1741273
tt2402101
tt1540011
tt2918436
tt3387542
tt2473682
tt3319920
tt2637294
tt1895315
tt3504048
tt4255304
tt4934950
tt2326612
tt4326444
tt4458206
tt4334266
tt2238050
tt3461252
tt3387648
tt2473510
tt3352390
tt3503406
tt5354160
tt3704050
tt2799166
tt2300975
tt3140100
tt3286052
tt2309260
tt2235779
tt4733640
tt3520418
tt4088268
tt2366608
tt2965466
tt5278506
tt2752758
tt3844362
tt3658772
tt2679552
tt2960930
tt3450900
tt4019560
tt1841642
tt2409818
tt2561546
tt4503598
tt2517658
tt1519461
tt5059406
tt2582500
tt6380520
tt4432480
tt3100274
tt4814290
tt2784936
tt3877674
tt4419364
tt2049543
tt4267026
tt3774790
tt2954474
